    0     -3231.6315173787 
    1     -3231.6271922126 
    2     -3231.6065660494 
    3     -3231.6055152699 
    4     -3231.6053974586 
    5     -3231.6028170759 
    6     -3231.6015320122 
    7     -3231.6010141393 
    8     -3231.5818665695 
    9     -3231.5795001451 
   10     -3231.5784668242 
   11     -3231.5777193143 
   12     -3231.5668398345 
   13     -3231.5658213286 
   14     -3231.5612514561 
   15     -3231.5611963425 
   16     -3231.5597581733 
   17     -3231.5588272204 
   18     -3231.5511572901 
   19     -3231.5510161845 
   20     -3231.5404574390 
   21     -3231.5393291886 
   22     -3231.5371324438 
   23     -3231.5356374246 
   24     -3231.5332361819 
   25     -3231.5313152097 
   26     -3231.5306079140 
   27     -3231.5300383135 
   28     -3231.4847168594 
   29     -3231.4831275629 
   30     -3231.4804284203 
   31     -3231.4801908706 
   32     -3231.4767215142 
   33     -3231.4749945729 
   34     -3231.4728342341 
   35     -3231.3727156725 
   36     -3231.3704447550 
   37     -3231.3679406333 
   38     -3231.3625330082 
   39     -3231.3620348125 
