    0     -2615.0878540029 
    1     -2615.0826888494 
    2     -2615.0810478949 
    3     -2615.0799811228 
    4     -2615.0789843549 
    5     -2615.0753819824 
    6     -2615.0741380107 
    7     -2615.0601733012 
    8     -2615.0589587156 
    9     -2615.0584295365 
   10     -2615.0512283200 
   11     -2615.0502656359 
   12     -2615.0480483279 
   13     -2615.0474216041 
   14     -2615.0352622235 
   15     -2615.0342627890 
   16     -2615.0333181543 
   17     -2615.0316265068 
   18     -2615.0301157220 
   19     -2615.0294891451 
   20     -2615.0293475908 
   21     -2615.0241869355 
   22     -2615.0211305141 
   23     -2615.0154442635 
   24     -2615.0115221934 
   25     -2615.0110350689 
   26     -2615.0102679878 
   27     -2615.0085271753 
   28     -2614.9641780614 
   29     -2614.9628533399 
   30     -2614.9578706797 
   31     -2614.9559544828 
   32     -2614.9515607499 
   33     -2614.9514730575 
   34     -2614.9470663180 
   35     -2614.8596536184 
   36     -2614.8518115907 
   37     -2614.8495854508 
   38     -2614.8358821247 
   39     -2614.8342332922 
