    0     -2294.4397537583 
    1     -2294.4354626572 
    2     -2294.4147496861 
    3     -2294.4136272840 
    4     -2294.4135841866 
    5     -2294.4110031164 
    6     -2294.4096232098 
    7     -2294.4091193996 
    8     -2294.3899214672 
    9     -2294.3875844385 
   10     -2294.3865591512 
   11     -2294.3858166149 
   12     -2294.3749307823 
   13     -2294.3737628166 
   14     -2294.3693350404 
   15     -2294.3691869532 
   16     -2294.3678220335 
   17     -2294.3668043597 
   18     -2294.3592019946 
   19     -2294.3590278960 
   20     -2294.3483834500 
   21     -2294.3474083076 
   22     -2294.3450785327 
   23     -2294.3436234243 
   24     -2294.3412067055 
   25     -2294.3391290311 
   26     -2294.3384984600 
   27     -2294.3378590834 
   28     -2294.2926990762 
   29     -2294.2911430132 
   30     -2294.2883776795 
   31     -2294.2882063772 
   32     -2294.2846933143 
   33     -2294.2829564499 
   34     -2294.2807856711 
   35     -2294.1805177716 
   36     -2294.1782966232 
   37     -2294.1758679364 
   38     -2294.1704809357 
   39     -2294.1700060390 
