    0     -3363.4939350235 
    1     -3363.4925581816 
    2     -3363.4802377937 
    3     -3363.4798052531 
    4     -3363.4793096970 
    5     -3363.4769076834 
    6     -3363.4763474824 
    7     -3363.4676614760 
    8     -3363.4584463749 
    9     -3363.4542485788 
   10     -3363.4532835521 
   11     -3363.4523040383 
   12     -3363.4438198913 
   13     -3363.4435873052 
   14     -3363.4383956141 
   15     -3363.4349224486 
   16     -3363.4345041638 
   17     -3363.4324068295 
   18     -3363.4306189376 
   19     -3363.4299699701 
   20     -3363.4240285610 
   21     -3363.4235839279 
   22     -3363.4227370428 
   23     -3363.4129452866 
   24     -3363.4097437974 
   25     -3363.4096354293 
   26     -3363.4064104235 
   27     -3363.4058783361 
   28     -3363.3611003761 
   29     -3363.3609423218 
   30     -3363.3562111387 
   31     -3363.3557421261 
   32     -3363.3530018961 
   33     -3363.3511609290 
   34     -3363.3467548797 
   35     -3363.2534886097 
   36     -3363.2478184529 
   37     -3363.2459951305 
   38     -3363.2369178517 
   39     -3363.2365181302 
