    0     -2353.5460316355 
    1     -2353.5430368777 
    2     -2353.5363214713 
    3     -2353.5359006791 
    4     -2353.5340718705 
    5     -2353.5337954355 
    6     -2353.5325187364 
    7     -2353.5174869840 
    8     -2353.5107630204 
    9     -2353.5103945934 
   10     -2353.5076224139 
   11     -2353.5067839184 
   12     -2353.4987723122 
   13     -2353.4980673355 
   14     -2353.4899396895 
   15     -2353.4898400700 
   16     -2353.4895092411 
   17     -2353.4844310108 
   18     -2353.4840243942 
   19     -2353.4833295377 
   20     -2353.4828591017 
   21     -2353.4782142589 
   22     -2353.4776428713 
   23     -2353.4656180197 
   24     -2353.4604704276 
   25     -2353.4600685280 
   26     -2353.4572879994 
   27     -2353.4559095438 
   28     -2353.4204761389 
   29     -2353.4203657838 
   30     -2353.4148234012 
   31     -2353.4136192418 
   32     -2353.4097757900 
   33     -2353.4091489462 
   34     -2353.4016368862 
   35     -2353.3202310364 
   36     -2353.3136161169 
   37     -2353.3112960518 
   38     -2353.2994318028 
   39     -2353.2986134884 
