    0     -2786.2179850521 
    1     -2786.2162298533 
    2     -2786.1996406096 
    3     -2786.1988647283 
    4     -2786.1982876594 
    5     -2786.1958091246 
    6     -2786.1950398573 
    7     -2786.1866126814 
    8     -2786.1744228839 
    9     -2786.1735092327 
   10     -2786.1718298646 
   11     -2786.1709058084 
   12     -2786.1603683771 
   13     -2786.1600147844 
   14     -2786.1559011063 
   15     -2786.1517584578 
   16     -2786.1511392322 
   17     -2786.1489195826 
   18     -2786.1460908320 
   19     -2786.1452374960 
   20     -2786.1402490820 
   21     -2786.1396959948 
   22     -2786.1389831630 
   23     -2786.1275889962 
   24     -2786.1214955857 
   25     -2786.1213502602 
   26     -2786.1189198891 
   27     -2786.1181733269 
   28     -2786.0862005205 
   29     -2786.0859125652 
   30     -2786.0795190614 
   31     -2786.0789832378 
   32     -2786.0765331061 
   33     -2786.0737510625 
   34     -2786.0665061392 
   35     -2785.9920916457 
   36     -2785.9824803264 
   37     -2785.9802970008 
   38     -2785.9712195764 
   39     -2785.9706894891 
