    0     -2938.2340311084 
    1     -2938.2313857108 
    2     -2938.2265503742 
    3     -2938.2262092068 
    4     -2938.2246553406 
    5     -2938.2240785303 
    6     -2938.2227802996 
    7     -2938.2064601452 
    8     -2938.2034165295 
    9     -2938.2029460707 
   10     -2938.1966803555 
   11     -2938.1960261237 
   12     -2938.1905377460 
   13     -2938.1901681585 
   14     -2938.1802208940 
   15     -2938.1801781178 
   16     -2938.1795004367 
   17     -2938.1758264310 
   18     -2938.1752951990 
   19     -2938.1746758854 
   20     -2938.1742982277 
   21     -2938.1687316774 
   22     -2938.1681318720 
   23     -2938.1577447853 
   24     -2938.1542270480 
   25     -2938.1537814123 
   26     -2938.1498023648 
   27     -2938.1487282570 
   28     -2938.1066299361 
   29     -2938.1065596183 
   30     -2938.1013343445 
   31     -2938.1002396306 
   32     -2938.0964347815 
   33     -2938.0957615055 
   34     -2938.0900674606 
   35     -2938.0004494381 
   36     -2937.9934400503 
   37     -2937.9913883123 
   38     -2937.9807738303 
   39     -2937.9799276503 
