    0     -2361.7413209523 
    1     -2361.7361397103 
    2     -2361.7102455235 
    3     -2361.7087331448 
    4     -2361.7086224236 
    5     -2361.7057560685 
    6     -2361.7037296666 
    7     -2361.7033144362 
    8     -2361.6837321183 
    9     -2361.6823589558 
   10     -2361.6811285311 
   11     -2361.6788276121 
   12     -2361.6684145495 
   13     -2361.6668295438 
   14     -2361.6610249323 
   15     -2361.6607874288 
   16     -2361.6597337649 
   17     -2361.6580083621 
   18     -2361.6504308897 
   19     -2361.6501365509 
   20     -2361.6389536042 
   21     -2361.6377197965 
   22     -2361.6348249016 
   23     -2361.6338002729 
   24     -2361.6302367982 
   25     -2361.6263218970 
   26     -2361.6261224602 
   27     -2361.6254995800 
   28     -2361.5937879725 
   29     -2361.5919057273 
   30     -2361.5885040610 
   31     -2361.5863319628 
   32     -2361.5816551037 
   33     -2361.5800629781 
   34     -2361.5772395606 
   35     -2361.4917788017 
   36     -2361.4885421092 
   37     -2361.4858516555 
   38     -2361.4798288973 
   39     -2361.4798167994 
