    0     -2294.4351694298 
    1     -2294.4306145228 
    2     -2294.4071542632 
    3     -2294.4063959194 
    4     -2294.4060467755 
    5     -2294.4033071632 
    6     -2294.4012762841 
    7     -2294.4011572289 
    8     -2294.3806251907 
    9     -2294.3798020073 
   10     -2294.3793889582 
   11     -2294.3784252219 
   12     -2294.3667009359 
   13     -2294.3654550140 
   14     -2294.3609795719 
   15     -2294.3606595478 
   16     -2294.3592496350 
   17     -2294.3582799825 
   18     -2294.3510339428 
   19     -2294.3507647101 
   20     -2294.3395297085 
   21     -2294.3383946366 
   22     -2294.3355173975 
   23     -2294.3345340722 
   24     -2294.3315004458 
   25     -2294.3283506373 
   26     -2294.3279050279 
   27     -2294.3274568529 
   28     -2294.2895110917 
   29     -2294.2878334297 
   30     -2294.2847792606 
   31     -2294.2839308518 
   32     -2294.2798054329 
   33     -2294.2783213804 
   34     -2294.2760742974 
   35     -2294.1828711935 
   36     -2294.1804843398 
   37     -2294.1779297463 
   38     -2294.1723069673 
   39     -2294.1715839267 
