    0     -3904.4483704744 
    1     -3904.4481461702 
    2     -3904.4478633630 
    3     -3904.4473205605 
    4     -3904.4464637746 
    5     -3904.4459473891 
    6     -3904.4424371492 
    7     -3904.4355918637 
    8     -3904.4351969213 
    9     -3904.4254874622 
   10     -3904.4194106726 
   11     -3904.4191115803 
   12     -3904.4185264869 
   13     -3904.4176149441 
   14     -3904.4171188952 
   15     -3904.4169396702 
   16     -3904.4096401357 
   17     -3904.4084686582 
   18     -3904.4083284577 
   19     -3904.4067410608 
   20     -3904.4060216411 
   21     -3904.4044767940 
   22     -3904.4015936208 
   23     -3904.4011038789 
   24     -3904.3971423493 
   25     -3904.3947128354 
   26     -3904.3899169076 
   27     -3904.3875503018 
   28     -3904.3391169367 
   29     -3904.3368303808 
   30     -3904.3345172753 
   31     -3904.3337528169 
   32     -3904.3321364697 
   33     -3904.3316332326 
   34     -3904.3294206276 
   35     -3904.2325536305 
   36     -3904.2298835801 
   37     -3904.2266295351 
   38     -3904.2255838697 
   39     -3904.2224267298 
