    0     -2614.0477474042 
    1     -2614.0420276520 
    2     -2614.0392126014 
    3     -2614.0381437020 
    4     -2614.0368581347 
    5     -2614.0335183340 
    6     -2614.0322703094 
    7     -2614.0196131919 
    8     -2614.0152181755 
    9     -2614.0147594080 
   10     -2614.0105568005 
   11     -2614.0093802672 
   12     -2614.0049961075 
   13     -2614.0046201886 
   14     -2613.9938766175 
   15     -2613.9925976488 
   16     -2613.9919085848 
   17     -2613.9897178138 
   18     -2613.9879619278 
   19     -2613.9871510432 
   20     -2613.9870820981 
   21     -2613.9827880606 
   22     -2613.9793900737 
   23     -2613.9725148344 
   24     -2613.9677602239 
   25     -2613.9673777014 
   26     -2613.9665716441 
   27     -2613.9649537224 
   28     -2613.9272213030 
   29     -2613.9259979429 
   30     -2613.9206017874 
   31     -2613.9185680989 
   32     -2613.9141965669 
   33     -2613.9140925173 
   34     -2613.9081664079 
   35     -2613.8287355944 
   36     -2613.8211600780 
   37     -2613.8186800477 
   38     -2613.8044100078 
   39     -2613.8026523385 
