    0     -2355.1866396896 
    1     -2355.1839503559 
    2     -2355.1791848078 
    3     -2355.1787665832 
    4     -2355.1770890685 
    5     -2355.1766794202 
    6     -2355.1752548518 
    7     -2355.1589828970 
    8     -2355.1558807446 
    9     -2355.1554273721 
   10     -2355.1492085042 
   11     -2355.1484263602 
   12     -2355.1429983431 
   13     -2355.1425720601 
   14     -2355.1326870639 
   15     -2355.1326451010 
   16     -2355.1319737541 
   17     -2355.1282231719 
   18     -2355.1277370877 
   19     -2355.1270501529 
   20     -2355.1266629006 
   21     -2355.1211401667 
   22     -2355.1205604155 
   23     -2355.1101913570 
   24     -2355.1065077917 
   25     -2355.1059689583 
   26     -2355.1022439264 
   27     -2355.1009588077 
   28     -2355.0590079559 
   29     -2355.0589435222 
   30     -2355.0537108062 
   31     -2355.0525866521 
   32     -2355.0487794378 
   33     -2355.0481151293 
   34     -2355.0423775453 
   35     -2354.9526900645 
   36     -2354.9458073687 
   37     -2354.9436815106 
   38     -2354.9329606208 
   39     -2354.9321810636 
