    0     -2677.1449601533 
    1     -2677.1378669999 
    2     -2677.1349962683 
    3     -2677.1336089705 
    4     -2677.1317759661 
    5     -2677.1271178223 
    6     -2677.1261512253 
    7     -2677.1150808925 
    8     -2677.1065446232 
    9     -2677.1064132293 
   10     -2677.1056651471 
   11     -2677.1047054833 
   12     -2677.0979098063 
   13     -2677.0975094073 
   14     -2677.0872114421 
   15     -2677.0851445973 
   16     -2677.0841618076 
   17     -2677.0818205069 
   18     -2677.0801539833 
   19     -2677.0792551089 
   20     -2677.0789983839 
   21     -2677.0750585959 
   22     -2677.0709248387 
   23     -2677.0643930252 
   24     -2677.0578958766 
   25     -2677.0575803882 
   26     -2677.0563732577 
   27     -2677.0549259756 
   28     -2677.0244331563 
   29     -2677.0229338839 
   30     -2677.0163168799 
   31     -2677.0137526727 
   32     -2677.0088499062 
   33     -2677.0087528988 
   34     -2677.0006133343 
   35     -2676.9347936702 
   36     -2676.9219345773 
   37     -2676.9201319716 
   38     -2676.9064243128 
   39     -2676.9046454794 
