    0     -2672.3756183230 
    1     -2672.3741470130 
    2     -2672.3597813277 
    3     -2672.3589588879 
    4     -2672.3584305152 
    5     -2672.3562198648 
    6     -2672.3555390501 
    7     -2672.3472707333 
    8     -2672.3354919367 
    9     -2672.3337963825 
   10     -2672.3331959566 
   11     -2672.3321865782 
   12     -2672.3222031145 
   13     -2672.3219003773 
   14     -2672.3178274966 
   15     -2672.3141112212 
   16     -2672.3135539187 
   17     -2672.3110168987 
   18     -2672.3090184328 
   19     -2672.3083038168 
   20     -2672.3028989673 
   21     -2672.3024225594 
   22     -2672.3018285193 
   23     -2672.2907245559 
   24     -2672.2859704541 
   25     -2672.2858519473 
   26     -2672.2836235246 
   27     -2672.2828313644 
   28     -2672.2447765260 
   29     -2672.2445649416 
   30     -2672.2393200966 
   31     -2672.2388242164 
   32     -2672.2363047382 
   33     -2672.2342430936 
   34     -2672.2283373306 
   35     -2672.1428895553 
   36     -2672.1375568924 
   37     -2672.1356659646 
   38     -2672.1254288891 
   39     -2672.1250784873 
