    0     -2508.5077924829 
    1     -2508.5068873483 
    2     -2508.5066264482 
    3     -2508.5061297333 
    4     -2508.5038502741 
    5     -2508.5034051352 
    6     -2508.4984088355 
    7     -2508.4883679222 
    8     -2508.4877431982 
    9     -2508.4860611800 
   10     -2508.4810805694 
   11     -2508.4796212456 
   12     -2508.4766747439 
   13     -2508.4764072885 
   14     -2508.4751427438 
   15     -2508.4740716743 
   16     -2508.4660962098 
   17     -2508.4648520874 
   18     -2508.4641567546 
   19     -2508.4625246392 
   20     -2508.4604903719 
   21     -2508.4602675417 
   22     -2508.4559935341 
   23     -2508.4546421087 
   24     -2508.4502040977 
   25     -2508.4470959258 
   26     -2508.4400055469 
   27     -2508.4365715689 
   28     -2508.4095770942 
   29     -2508.4061869890 
   30     -2508.4027259872 
   31     -2508.4018073049 
   32     -2508.3983702816 
   33     -2508.3978616531 
   34     -2508.3937836796 
   35     -2508.3329156781 
   36     -2508.3294161334 
   37     -2508.3215495129 
   38     -2508.3203774528 
   39     -2508.3164654843 
