    0     -2673.1848366082 
    1     -2673.1834363873 
    2     -2673.1711194064 
    3     -2673.1706458656 
    4     -2673.1700803381 
    5     -2673.1677711344 
    6     -2673.1671324477 
    7     -2673.1584649421 
    8     -2673.1491944921 
    9     -2673.1450341017 
   10     -2673.1440914284 
   11     -2673.1430243345 
   12     -2673.1345535109 
   13     -2673.1342999006 
   14     -2673.1291245415 
   15     -2673.1257062005 
   16     -2673.1252177192 
   17     -2673.1231171705 
   18     -2673.1213412006 
   19     -2673.1206513702 
   20     -2673.1147325402 
   21     -2673.1142961212 
   22     -2673.1134451227 
   23     -2673.1036482283 
   24     -2673.1003253084 
   25     -2673.1001535013 
   26     -2673.0971129520 
   27     -2673.0964052824 
   28     -2673.0517831819 
   29     -2673.0516224856 
   30     -2673.0468829241 
   31     -2673.0463880305 
   32     -2673.0436565797 
   33     -2673.0418111013 
   34     -2673.0373641582 
   35     -2672.9440401995 
   36     -2672.9384657194 
   37     -2672.9366163589 
   38     -2672.9274343223 
   39     -2672.9270733693 
