    0     -2393.5102846824 
    1     -2393.5097845654 
    2     -2393.5095015483 
    3     -2393.5092669572 
    4     -2393.5079189684 
    5     -2393.5071594151 
    6     -2393.5038195027 
    7     -2393.4958706443 
    8     -2393.4954243774 
    9     -2393.4884984055 
   10     -2393.4824954248 
   11     -2393.4813355527 
   12     -2393.4804919695 
   13     -2393.4802232379 
   14     -2393.4796871270 
   15     -2393.4793920832 
   16     -2393.4714233364 
   17     -2393.4702871118 
   18     -2393.4701662980 
   19     -2393.4685133965 
   20     -2393.4677587209 
   21     -2393.4656417718 
   22     -2393.4632810038 
   23     -2393.4622808715 
   24     -2393.4588655432 
   25     -2393.4556288090 
   26     -2393.4505240591 
   27     -2393.4478789093 
   28     -2393.4060848614 
   29     -2393.4039464804 
   30     -2393.4014125258 
   31     -2393.4005780557 
   32     -2393.3987209757 
   33     -2393.3982006940 
   34     -2393.3955223374 
   35     -2393.3056883750 
   36     -2393.3029855620 
   37     -2393.2996819877 
   38     -2393.2986143846 
   39     -2393.2952872214 
