    0     -4418.3802201628 
    1     -4418.3750591489 
    2     -4418.3734908051 
    3     -4418.3724549619 
    4     -4418.3714800853 
    5     -4418.3678420231 
    6     -4418.3665284159 
    7     -4418.3526141618 
    8     -4418.3515147636 
    9     -4418.3509571099 
   10     -4418.3437334889 
   11     -4418.3427310629 
   12     -4418.3406444765 
   13     -4418.3399785169 
   14     -4418.3277711990 
   15     -4418.3268600795 
   16     -4418.3259080989 
   17     -4418.3241675068 
   18     -4418.3226505033 
   19     -4418.3220836263 
   20     -4418.3219458798 
   21     -4418.3167417689 
   22     -4418.3136652560 
   23     -4418.3081692668 
   24     -4418.3042435227 
   25     -4418.3036901396 
   26     -4418.3029955018 
   27     -4418.3011624895 
   28     -4418.2567755028 
   29     -4418.2554557676 
   30     -4418.2504930828 
   31     -4418.2485626215 
   32     -4418.2441897514 
   33     -4418.2440974266 
   34     -4418.2397519012 
   35     -4418.1523513006 
   36     -4418.1444435820 
   37     -4418.1421617315 
   38     -4418.1286445542 
   39     -4418.1269891800 
