    0     -2390.5919900528 
    1     -2390.5917807842 
    2     -2390.5914847869 
    3     -2390.5909512608 
    4     -2390.5900574230 
    5     -2390.5895645270 
    6     -2390.5860323439 
    7     -2390.5791618735 
    8     -2390.5787660500 
    9     -2390.5690706481 
   10     -2390.5629800938 
   11     -2390.5626374252 
   12     -2390.5620702681 
   13     -2390.5611372778 
   14     -2390.5607039324 
   15     -2390.5605161188 
   16     -2390.5531492986 
   17     -2390.5519453289 
   18     -2390.5518645688 
   19     -2390.5502327490 
   20     -2390.5495628976 
   21     -2390.5479699499 
   22     -2390.5450357408 
   23     -2390.5446296564 
   24     -2390.5406718188 
   25     -2390.5381338111 
   26     -2390.5334176992 
   27     -2390.5309699340 
   28     -2390.4825901143 
   29     -2390.4803094536 
   30     -2390.4779943852 
   31     -2390.4772286829 
   32     -2390.4756014431 
   33     -2390.4750981967 
   34     -2390.4728751419 
   35     -2390.3759092201 
   36     -2390.3732588159 
   37     -2390.3700540632 
   38     -2390.3690219648 
   39     -2390.3658636875 
