    0     -2428.2724174240 
    1     -2428.2689505234 
    2     -2428.2606126531 
    3     -2428.2601700287 
    4     -2428.2578823621 
    5     -2428.2575737961 
    6     -2428.2559646883 
    7     -2428.2419330873 
    8     -2428.2324286338 
    9     -2428.2317010828 
   10     -2428.2310242773 
   11     -2428.2306988872 
   12     -2428.2204868118 
   13     -2428.2196867973 
   14     -2428.2120425210 
   15     -2428.2113582183 
   16     -2428.2112700181 
   17     -2428.2059631034 
   18     -2428.2056120236 
   19     -2428.2047617272 
   20     -2428.2042154699 
   21     -2428.1991384795 
   22     -2428.1985007516 
   23     -2428.1864729686 
   24     -2428.1795259023 
   25     -2428.1792505767 
   26     -2428.1763701087 
   27     -2428.1750781881 
   28     -2428.1457905001 
   29     -2428.1456016770 
   30     -2428.1391162351 
   31     -2428.1377675371 
   32     -2428.1334638509 
   33     -2428.1326344478 
   34     -2428.1234078164 
   35     -2428.0547700878 
   36     -2428.0427734663 
   37     -2428.0404193932 
   38     -2428.0295562092 
   39     -2428.0285476261 
